uasg,num_licitacao
10001,1262013
20001,182012
20001,272019
20001,282016
20001,1222017
20001,1382011
30001,52011
30001,142015
30001,152011
30003,52009
30026,22009
40001,422016
40001,662016
40001,672006
40001,812013
40001,1252009
40001,1282010
40003,292013
40003,392020
50001,242014
50001,562015
50001,652009
50001,1292012
50001,1342013
60001,102009
60001,482010
60001,922017
60001,1192015
60001,1472012
60007,22019
60030,22014
70001,292008
70001,782018
70001,872020
70004,532019
70004,622011
70004,1032013
70005,12017
70005,52007
70005,62018
70005,142007
70005,362013
70006,42010
70006,292018
70006,372020
70007,122020
70007,392009
70007,412016
70008,332008
70008,422013
70009,32013
70009,102016
70009,472015
70009,672015
70010,102016
70010,612019
70011,132012
70011,572011
70011,772014
70013,252013
70013,522019
70014,112013
70014,142011
70014,612009
70014,682017
70014,1252010
70015,342008
70016,52016
70016,62018
70017,72007
70017,562015
70018,142012
70019,112016
70019,392018
70019,642007
70019,842011
70020,262011
70020,282007
70020,322017
70020,382011
70020,912011
70020,1122013
70020,1152012
70021,252020
70021,462016
70021,482010
70022,72015
70022,532015
70023,52018
70023,342020
70027,52015
70027,562018
70027,852020
70028,52016
70028,142011
70028,342018
80001,42015
80001,172015
80001,202018
80001,212017
80001,252019
80001,462020
80001,562008
80001,662017
80001,732007
80001,742016
80001,1042007
80001,1212017
80002,262016
80003,552010
80006,162020
80009,732017
80010,362019
80010,612018
80016,372013
80016,382012
80016,442007
80016,972011
80020,132014
80026,142013
80026,622014
90002,102013
90002,262007
90002,322017
90003,352010
90003,452013
90004,252008
90009,352012
90009,562015
90012,92019
90012,622011
90012,752009
90016,172013
90016,512015
90016,852008
90016,1022011
90016,1682010
90017,352021
90018,412011
90019,182020
90019,412018
90020,112013
90021,232012
90023,252011
90023,352012
90023,562010
90024,112018
90026,112015
90027,162010
90027,412017
90027,642016
90027,832009
90027,1012013
90027,1202010
90028,312016
90028,1092016
90028,2062007
90030,112010
90030,182009
90030,512014
90030,672015
100001,12020
100001,412010
100001,1782012
110001,522010
110001,1242012
110001,1252009
110061,422009
110097,252008
110097,262009
110097,452007
110120,112017
110120,332020
110176,92010
110197,252009
110404,282007
110404,352020
110404,522006
110511,192013
112408,42019
113202,72007
113202,302007
113202,442007
113202,462010
113202,802013
113202,1112006
113202,1562012
113202,3022016
113204,52013
113205,3382011
113210,32019
113214,142017
113214,342019
114601,52017
114601,782009
114612,22007
114615,52009
114617,42010
114622,112010
114625,132007
114631,42018
114639,12021
115406,232017
115406,412017
120001,132020
120003,342015
120003,402014
120006,152012
120006,482016
120008,292007
120014,112014
120015,262014
120016,892020
120016,942014
120016,1042019
120016,2692015
120016,3502013
120017,332015
120023,62013
120024,882016
120024,912013
120026,122007
120026,152012
120027,82009
120029,172012
120030,292012
120039,452013
120039,482010
120039,532015
120039,562017
120039,792006
120060,112015
120060,282013
120060,512009
120060,842009
120060,1062009
120060,10512012
120062,542009
120065,272013
120065,432012
120065,542009
120065,592009
120066,52010
120066,62011
120066,182011
120067,252014
120068,282014
120068,422012
120072,382014
120072,602012
120073,492011
120074,222010
120074,612009
120075,242008
120075,262012
120076,1522009
120080,242012
120081,72013
120082,422012
120085,352014
120085,802011
120100,222012
120101,22016
120195,42013
120625,82019
120625,142018
120627,92019
120628,1232018
120630,62019
120630,262020
120632,382018
120632,832017
120632,1032018
120632,1322018
120633,312021
120633,582017
120633,762019
120634,82020
120634,242018
120636,382018
120637,72018
120637,182019
120641,342019
120643,452019
120645,52019
130005,162008
130014,32011
130016,562012
130025,82008
130027,22018
130030,12010
130032,72016
130032,142010
130056,72012
130058,192012
130068,22008
130072,142009
130080,162010
130102,62014
130122,22010
130122,92009
130126,32014
135001,262014
135005,42008
135005,212007
135006,272018
135006,742014
135008,212012
135011,82009
135011,312011
135012,1212009
135013,302013
135013,352012
135014,132015
135014,162014
135015,222008
135015,272011
135015,272013
135016,222009
135016,312008
135023,12013
135023,12020
135023,42008
135023,92015
135023,322015
135024,122020
135024,362008
135025,182011
135029,412010
135031,172010
135031,312011
135031,362014
135031,392015
135032,142006
135036,62009
135036,92007
135036,102009
135036,222009
135036,242016
135038,172008
135040,402007
135041,72009
135048,92008
135058,802007
135072,22013
135078,12014
135081,132009
135081,492009
135101,22015
135101,142020
135209,42012
135345,102009
148002,102014
148002,2372014
148002,2832012
150002,302015
150002,342011
150150,142019
150150,162015
150221,212018
150221,302014
150221,1542012
150229,472016
150229,572010
150231,532011
150231,632013
150231,812011
150232,142019
150232,2292009
150232,2542015
150232,3202014
150232,3732016
150232,5222017
150233,2172016
150247,332016
150247,332018
150247,462020
150247,1012017
150248,182016
150248,582015
150248,632012
150248,762012
150248,1012011
150248,1052013
151879,92012
151879,182015
151889,32017
151895,432011
152005,42021
152005,132014
152005,402018
152134,102020
152254,62019
152477,2432017
152477,4692013
153004,332009
153008,622008
153009,772009
153011,1382007
153011,2212009
153015,192010
153015,302016
153015,782013
153020,142008
153020,1452008
153024,152007
153024,1242008
153026,142006
153028,712006
153028,1042013
153030,482009
153030,552017
153030,1182008
153030,1252014
153030,1452010
153031,32019
153031,52013
153031,222019
153031,742015
153031,982013
153031,1062017
153031,1202014
153031,1302008
153031,1322017
153031,2102011
153031,2412009
153031,3002012
153031,3192008
153031,3572014
153031,3812012
153031,5062009
153031,5592013
153032,22009
153032,52011
153032,112011
153032,512008
153032,812012
153032,912013
153032,1602009
153033,72019
153033,122006
153033,172014
153033,192017
153033,622010
153033,1052009
153035,62010
153035,542008
153035,692010
153035,922011
153035,1202012
153036,282012
153037,2062007
153038,162016
153040,32019
153040,402018
153040,492010
153045,52019
153045,142014
153045,212010
153045,272007
153045,552010
153045,1582014
153045,1652015
153045,3042011
153046,52020
153046,72017
153046,152008
153046,242012
153046,282016
153046,752010
153046,1072006
153046,1382007
153046,1702007
153046,1832008
153047,222016
153047,452009
153047,762008
153047,1342011
153047,1482016
153047,1722008
153047,1722013
153049,10022017
153052,362013
153052,502007
153052,992008
153052,1422012
153052,1602006
153052,1752014
153052,1822008
153052,1942008
153052,2112008
153052,3532009
153052,3722011
153054,42007
153054,142016
153054,1252009
153054,1352017
153054,1472018
153054,2072014
153056,182013
153056,272007
153056,272011
153056,662012
153056,782014
153057,182013
153057,602010
153057,642010
153057,752017
153057,832016
153058,462017
153058,472017
153061,372018
153061,592013
153061,672014
153061,1692017
153061,1702008
153063,322009
153063,702013
153065,362010
153065,522012
153065,822010
153068,22013
153071,152008
153074,52013
153079,12010
153079,42019
153079,422014
153079,602021
153079,1042011
153079,1292006
153079,1502017
153079,1732018
153080,132012
153080,592006
153080,812011
153080,982010
153080,1122016
153080,1552018
153080,2332007
153103,132007
153103,452018
153114,52007
153114,322018
153114,602016
153114,612018
153114,762010
153114,942018
153114,1442008
153114,1442011
153114,2042011
153115,362013
153146,12007
153152,192019
153163,142010
153163,182020
153163,482010
153163,762008
153163,2152019
153163,2342010
153163,2702017
153163,3652017
153163,3972009
153164,302008
153164,782020
153164,842010
153164,1452018
153164,1662013
153164,1832015
153164,2212015
153164,2582006
153164,2652014
153165,322013
153165,392007
153166,52009
153166,112010
153166,432011
153166,602009
153167,112017
153167,332008
153173,322012
153174,402006
153176,62009
153176,212019
153177,222017
153178,42009
153178,252016
153178,372013
153178,422014
153194,362006
153195,272006
153208,512008
153210,192009
153213,172009
153214,192008
153217,132009
153219,262009
153221,342009
153223,172008
153223,582007
153223,692008
153223,812007
153226,712009
153230,332009
153232,132011
153237,82007
153237,122007
153248,122009
153251,382012
153260,12017
153261,22013
153261,92006
153261,152014
153261,212007
153261,402008
153261,592012
153261,902011
153261,972013
153261,1062010
153265,22008
153267,92016
153276,52012
153276,1522007
153280,62008
153280,72008
153295,22011
153295,32012
153808,92012
153808,482015
153808,572019
153808,642018
153808,762016
153808,812014
153808,1012016
153808,1242014
153991,122007
153991,342013
154032,122010
154032,232015
154034,302008
154035,10022019
154035,10302019
154039,22007
154039,342010
154039,832009
154039,4512012
154040,12018
154040,192018
154041,52014
154041,1192008
154041,1432009
154041,1532007
154042,92020
154042,1872012
154043,232010
154043,302016
154043,752007
154043,1072013
154043,1362010
154043,1472007
154043,1682011
154043,1872009
154043,2172014
154043,2182013
154043,2612008
154043,3572012
154043,4292012
154044,132015
154045,62007
154045,182019
154045,412007
154045,632012
154045,2292007
154046,192014
154046,522016
154046,612018
154046,752009
154046,812012
154046,972012
154046,1662011
154046,1792012
154046,2032013
154047,162016
154047,172013
154047,422015
154047,672019
154047,752019
154049,592012
154049,622017
154049,672008
154049,762007
154049,3392014
154049,3972013
154049,4422013
154050,22008
154050,102013
154050,452015
154050,542014
154050,1142016
154050,1432013
154050,1722010
154051,62011
154051,342016
154051,882015
154051,1022017
154051,1182016
154051,1702019
154051,1762016
154051,1782012
154051,1952007
154051,2222018
154051,2552013
154051,3312013
154051,4772014
154051,4822011
154052,302013
154052,362018
154052,1022015
154052,3482012
154052,4512013
154054,362018
154054,1572012
154054,1872012
154055,62019
154069,192010
154069,622015
154069,722011
154070,202011
154070,522008
154070,612014
154070,652008
154070,682009
154070,782010
154070,832008
154070,1242017
154072,532010
154072,1082008
154072,2672010
154080,272007
154106,1232005
154177,42011
154177,402010
154215,262006
154358,52011
154358,232020
154358,502016
154358,982009
154358,1382013
154359,182016
154359,722018
154359,732018
154359,792011
154421,172015
154421,442010
154421,562010
154421,652015
154502,172018
154502,342009
154502,342015
154502,462012
154502,562007
154502,612007
154503,342008
154503,1862010
154810,52014
155008,22016
155008,82018
155008,712021
155008,742018
155008,872020
155008,902020
155009,1422015
155010,462018
155010,642020
155010,1962016
155013,382018
155017,322016
155017,382016
155017,1022018
155018,202020
155020,302021
155021,92020
155021,542020
155022,1352020
155022,1402020
155124,142016
155124,432018
155124,982017
155125,272016
155125,772015
155126,162020
155126,292020
155230,22019
155884,42018
155891,122018
155900,222017
155902,1002020
155903,522017
155904,862020
155908,252020
155911,10542020
155913,462020
155914,132020
158009,262014
158009,582014
158092,32010
158092,82013
158092,572014
158092,582010
158099,262013
158121,152021
158121,162020
158122,12014
158122,1262010
158122,2802013
158124,82021
158126,22010
158126,362013
158126,832014
158129,12020
158131,212016
158132,112012
158134,192014
158138,32015
158139,82020
158139,752014
158139,1862014
158143,132010
158143,192014
158143,202011
158143,312013
158146,42017
158146,192014
158147,152011
158147,222016
158149,72020
158152,362012
158154,242018
158154,882020
158154,1382011
158155,22019
158155,112015
158155,172018
158157,22017
158157,32015
158157,122019
158172,92012
158172,142017
158191,32007
158191,212009
158195,582009
158195,802007
158196,172018
158196,272012
158196,942015
158198,132009
158266,72018
158267,212010
158270,52702016
158270,82702015
158274,12020
158277,322017
158277,482010
158279,12020
158296,12016
158299,12013
158302,162017
158307,22012
158308,92014
158310,292014
158311,302014
158312,342016
158320,102012
158325,102017
158330,23302015
158333,22016
158333,102011
158341,122012
158344,392013
158350,232012
158350,512012
158357,12012
158359,52019
158377,582015
158378,362011
158380,62017
158383,12021
158393,72010
158394,12011
158401,612010
158401,722010
158409,72013
158417,12014
158417,92010
158420,42014
158420,52013
158424,82018
158424,172010
158430,132013
158435,162012
158437,52018
158442,92015
158442,162012
158443,612012
158459,32011
158459,92016
158460,72013
158460,152018
158461,232011
158461,272017
158462,62011
158476,132019
158477,142013
158478,222010
158481,112011
158484,42016
158488,72010
158515,112017
158515,282012
158516,292016
158516,402014
158516,612018
158516,922016
158520,1472013
158561,12015
158582,205822018
158583,135832017
158658,22017
158718,82019
158718,252020
158718,292015
159001,42019
160001,62014
160002,62009
160002,232006
160002,372007
160003,12015
160004,72019
160004,102007
160007,62011
160011,122015
160012,42015
160013,182011
160014,32008
160014,82017
160015,32014
160017,82012
160020,202009
160021,52013
160022,162016
160026,312008
160027,12007
160027,202010
160027,312017
160027,322020
160045,62021
160046,12011
160047,162011
160049,102015
160050,62010
160050,82014
160051,12007
160052,62015
160056,52008
160060,32011
160065,62019
160066,182012
160067,162010
160070,72014
160072,32010
160078,62011
160078,222009
160079,82020
160086,92014
160086,272009
160090,32015
160090,122016
160091,112016
160091,192011
160098,42007
160098,132017
160098,172015
160103,72012
160105,92019
160105,282013
160106,72008
160106,312017
160106,362017
160111,82008
160118,232020
160118,282008
160120,22015
160121,162014
160122,62008
160126,72016
160127,112013
160129,572008
160130,132021
160132,22009
160133,62012
160134,12010
160134,202019
160136,72020
160139,42012
160139,152013
160143,122020
160143,512021
160147,72016
160151,12019
160155,332019
160156,22014
160157,102009
160157,242012
160157,592007
160160,22013
160161,72019
160163,72018
160169,22017
160171,642012
160176,222008
160177,312008
160179,32006
160193,42009
160195,202011
160199,262012
160199,422016
160199,462015
160202,232011
160204,22009
160204,152019
160211,42011
160217,42013
160219,172007
160222,82011
160223,312009
160227,122009
160228,122016
160229,92013
160229,172019
160230,52019
160232,42015
160236,52013
160237,262020
160238,12014
160240,32009
160245,22013
160250,82017
160253,22021
160255,92017
160279,92012
160285,222019
160285,232020
160285,672013
160290,42007
160291,982012
160318,720132013
160322,822018
160339,192010
160339,472006
160341,12011
160345,32012
160345,72012
160348,22017
160348,42019
160348,172009
160348,192016
160348,322009
160348,482010
160349,42018
160349,152015
160349,322014
160352,22018
160352,102014
160353,232007
160359,42012
160359,222013
160361,12019
160361,72016
160362,172012
160367,132018
160368,32019
160369,92008
160372,172020
160379,182019
160380,62013
160384,142013
160385,112008
160388,112008
160392,372007
160392,482013
160392,632007
160395,72014
160395,112013
160395,412014
160395,532013
160399,232015
160399,282012
160399,302009
160399,432015
160399,502012
160407,32019
160409,72008
160413,12009
160413,202019
160413,322014
160413,492014
160416,92017
160416,272013
160418,142016
160421,32017
160423,82018
160426,12009
160428,22015
160428,52015
160430,52014
160432,42012
160432,62009
160440,172014
160441,182013
160446,42009
160447,292013
160447,492012
160447,522011
160447,1522006
160454,22017
160454,32016
160457,242010
160469,42017
160476,22018
160476,152010
160482,92019
160482,482016
160484,32011
160495,62006
160495,392008
160515,12013
160515,122010
160521,162019
160522,52008
160523,42019
160524,62011
160525,92019
160526,12010
160526,82020
160528,382013
160530,192020
160536,102018
160536,142013
160548,42016
168001,152013
168004,1352010
168005,92011
168005,882020
168006,22018
168008,322014
170009,102009
170010,52007
170025,32013
170025,382014
170040,102018
170041,32011
170045,22011
170045,72014
170045,72017
170055,82018
170059,72013
170066,62016
170103,42015
170106,102008
170111,32017
170116,82007
170138,22013
170139,12014
170146,32013
170158,52014
170161,102009
170161,112013
170162,262013
170166,122007
170168,82012
170175,202007
170177,132014
170178,42014
170178,202009
170180,22019
170183,72021
170184,82015
170192,12020
170195,12013
170247,12008
170259,52010
170263,22013
170312,292007
170347,42013
170394,302015
170531,162014
179085,162015
179085,982013
179085,1252015
179085,1462009
179087,82008
179087,822010
179102,22018
180002,12016
180002,192012
180002,232011
180002,272011
183038,172009
183038,292014
183039,142012
183039,332012
183039,552013
183039,562006
183039,622010
193007,12010
193008,22015
193009,62017
193009,62020
193028,232008
193099,122015
193105,52016
193110,12012
193112,92021
193117,12017
193117,52020
193121,202011
193125,82008
193126,62014
193347,112007
194006,132012
194010,32015
194012,22016
194014,32009
194018,212011
194020,32011
194020,72009
194044,62010
194044,102012
194048,82013
194068,162010
194074,42020
194074,82012
195001,432009
195002,82011
195006,632010
195011,62015
195015,92014
200005,152018
200008,152010
200009,172007
200009,562012
200014,612009
200015,402008
200023,222012
200026,42009
200030,122008
200031,22019
200033,12008
200043,22016
200043,52019
200044,292011
200049,362017
200050,222012
200051,242006
200054,192016
200054,242012
200062,72017
200066,22018
200066,112018
200069,82018
200071,22020
200071,82014
200085,72018
200085,82016
200086,12008
200090,132019
200090,202018
200090,232016
200099,52013
200100,142014
200100,582012
200100,632020
200114,12011
200115,62020
200115,92012
200116,122021
200118,92021
200126,42009
200130,122008
200141,42010
200200,112019
200200,172019
200200,752013
200204,42014
200204,92017
200208,42020
200233,72013
200248,52014
200331,32021
200344,12014
200344,32015
200356,32016
200360,142013
200380,62016
200394,52017
200406,12012
201014,22016
203003,292015
240101,332007
240106,2662010
240106,3002009
240106,5362014
240106,12312008
240107,1272010
240114,102012
240120,282009
240125,202016
240125,362011
240126,212007
240128,172011
240129,22009
240129,172010
244001,12017
245209,72021
245209,172013
245209,542017
245209,1372013
250005,62011
250005,402020
250005,1262010
250005,2152007
250016,22010
250019,102012
250023,92010
250023,112018
250025,52021
250030,62011
250042,952014
250042,982008
250052,202017
250052,272021
250052,462016
250052,2062008
250052,2452012
250052,2472017
250052,2672015
250052,3012009
250057,632020
250057,662010
250057,1192020
250057,1882013
250059,582016
250061,182008
250103,12014
250106,112010
250106,1202016
250110,212016
250110,292016
253002,112008
253005,32011
253006,22011
253022,32017
253026,62016
254420,572009
254420,752016
254420,1392008
254420,1532011
254421,172014
254423,362013
254423,652012
254438,452012
254438,572014
254438,622017
254438,752008
254438,752010
254445,932021
254445,1112008
254445,1112021
254445,1152020
254445,1312019
254445,1392015
254445,2292012
254445,2722015
254446,22021
254446,42019
254446,502013
254446,602010
254446,622016
254446,782015
254446,842006
254446,912014
254446,1182006
254446,1422014
254446,1452014
254446,1722012
254447,242018
254447,372011
254447,432009
254447,682019
254447,692018
254448,382011
254448,382015
254448,742008
254448,762007
254448,1192008
254450,152017
254450,262013
254462,132010
254463,242011
254463,262013
254463,452018
254501,12019
255001,52016
255008,92009
255009,22015
255009,82016
255011,112013
255011,662009
255012,362008
255013,82017
255013,112007
255013,822008
255013,1212010
255014,772007
255014,1322008
255016,62010
255016,82008
255016,192009
255016,412008
255018,12018
255022,142007
255022,402009
255022,462009
257003,82013
257003,82017
257003,132016
257003,182018
257003,392011
257003,922014
257003,1952016
257005,362008
257022,92015
257023,142018
257028,162019
257036,382018
257043,72019
257044,172019
257044,202014
257045,32015
257045,52013
257046,62013
257047,142019
257047,232012
257051,92018
257052,152012
257054,252012
264001,112017
264001,122017
264001,302009
264001,482016
264001,492014
264014,62006
277001,32007
280101,32018
280101,102016
289010,112020
289010,142020
290002,162015
290002,402018
290002,482017
323025,72017
323030,282014
323031,462012
323031,722008
323104,22021
330005,32011
330005,242009
335016,72006
343006,192008
343012,152010
343016,242009
343028,62018
343030,32011
344002,732017
365001,492014
373039,92011
373039,3362018
373040,82010
373047,132009
373050,12017
373055,62009
373066,362015
373067,12015
373082,72007
373082,72011
380007,52018
380030,142014
380039,42012
380039,52016
380931,62017
380940,52014
380942,142012
380947,182017
383514,42019
389090,82014
389147,62019
389168,122020
389183,22017
389241,102019
389297,782017
389337,12019
389343,22017
389444,62019
389449,32018
390004,82014
390004,112007
390015,510012010
393002,32009
393009,4312010
393011,2592016
393011,5082015
393016,3712014
393017,292021
393022,7572009
393025,2622018
393026,22013
395001,92013
399003,392017
399005,392011
400083,182018
403201,172013
403201,252014
403201,332011
413001,132015
425128,532020
425128,672012
440001,92013
440075,62013
443001,112016
443020,52007
443043,22008
450068,932018
450432,72020
450432,262017
450996,432019
452346,152020
453204,62020
453719,42016
453719,122017
453747,152021
456127,362017
456199,1102016
456961,422012
456961,442020
456961,832012
457319,232014
459690,42020
495130,162020
510178,92009
510178,312017
510421,12010
510510,72006
510815,182006
510830,32013
510910,22009
511206,32018
511325,72010
511364,72013
511367,32013
511413,42010
511424,42018
511832,82010
512006,12007
512082,132010
512087,32009
512111,12007
523001,532008
530001,142020
530001,252011
550005,62011
550005,492007
590001,72017
721000,32013
740200,22014
741000,120122009
741000,802952006
742000,292017
742000,582009
742000,1742012
742000,2252014
744030,62008
746000,442007
749000,102012
751500,112009
752000,22018
752000,22020
762300,18922018
762500,22020
762600,162021
764000,42010
764100,82012
765701,72017
765720,852008
765720,992007
765720,1162007
765741,102013
765741,292014
771100,152013
771210,222017
771300,62010
771300,422017
771300,792014
771300,842021
771300,1392012
771300,50412012
782802,142011
783602,222010
783702,272010
783800,42014
784800,232018
784800,432009
784810,372006
785320,42009
785600,192015
785810,282018
786800,242020
786810,32012
786810,672008
786810,872008
787700,52007
788820,132014
788820,162019
788820,442007
788820,632013
789310,42017
791800,82018
803030,16812013
803060,10702009
803080,722013
803080,26232006
803080,26842012
806030,402008
806030,8222019
910809,212018
910809,972016
910811,772013
910811,1052013
910847,592010
910847,872009
910847,1132020
910847,1172014
910847,1172017
910847,1282012
910847,1652011
910847,2832017
910847,3022015
910847,3122008
910847,3242009
910847,3572015
910847,3622012
910847,3732016
925004,242010
925004,352010
925006,902013
925007,232017
925008,152018
925008,282014
925008,352011
925008,612009
925008,672011
925008,752016
925011,302015
925015,62020
925016,552020
925039,1642010
925039,2522010
925039,3092009
925040,22021
925040,122014
925040,242012
925046,52020
925049,2692006
925081,162008
925088,82014
925096,32014
925125,12013
925125,382021
925142,852015
925142,901622009
925144,852014
925146,20182015
925148,901692009
925150,132014
925150,272017
925150,322011
925150,452015
925158,132013
925162,240582020
925162,240742019
925162,240852018
925203,42020
925210,162018
925210,392015
925213,1002020
925217,322017
925217,692015
925282,152014
925282,452021
925302,12008
925307,1282014
925315,12019
925315,82008
925320,22006
925373,1692020
925373,2112014
925373,3782015
925402,92018
925404,212012
925450,422013
925450,1062019
925450,1222017
925450,1812018
925452,102010
925452,272017
925453,42020
925453,192021
925453,292017
925456,12016
925456,22019
925464,102012
925464,192013
925464,252018
925464,352017
925464,672018
925465,122015
925468,92014
925477,162012
925477,972007
925483,342017
925489,82021
925494,852011
925494,862011
925494,1082008
925494,1202011
925494,1362012
925509,292014
925532,102021
925547,22122012
925560,482018
925574,62013
925584,242008
925596,312021
925609,132017
925611,42018
925611,252010
925611,282015
925611,932012
925619,22020
925619,42019
925769,52014
925769,122016
925770,122012
925770,242011
925772,372019
925799,82010
925799,172020
925799,242009
925801,32019
925809,62008
925809,232016
925814,142016
925814,622018
925814,942020
925835,12016
925835,822016
925848,562008
925848,872013
925848,1072009
925852,112018
925853,12008
925856,272014
925856,702016
925856,762017
925856,952009
925856,1332009
925859,132009
925859,242013
925866,372015
925869,142019
925869,242020
925877,32009
925894,352018
925894,382009
925894,1042016
925917,342013
925926,442013
925937,1752014
925942,172015
925942,592015
925942,632014
925942,672011
925957,742015
925958,1682020
925959,262016
925960,42013
925962,1032018
925968,982011
925968,1062013
925968,1472013
925980,442015
926002,82015
926002,542017
926015,82013
926015,422018
926040,92018
926086,52021
926086,262020
926099,322017
926119,182021
926119,492016
926119,1292018
926119,1312015
926119,1742013
926119,1762015
926119,2192019
926119,2712020
926119,4172020
926130,900272015
926136,592016
926136,802016
926164,102020
926195,72014
926195,142019
926208,42018
926209,52013
926241,102019
926241,232018
926254,52019
926274,12014
926277,182016
926277,232015
926277,262016
926302,232017
926302,702018
926306,132018
926321,712019
926350,180382018
926377,122019
926377,782018
926377,1232021
926482,42018
926483,372018
926483,562016
926490,382017
926516,22017
926605,122020
926619,32017
926619,272018
926622,262018
926625,102021
926658,582019
926658,1372017
926671,92020
926671,202017
926703,652017
926717,12018
926726,62019
926748,362019
926840,12019
926850,272020
926922,5242018
926922,5692020
927152,112021
927152,212021
927152,792020
927487,22021
927644,12020
927773,3262020
927781,262020
927826,212021
943001,202013
943001,342011
943001,502019
943001,672016
943001,792020
943001,1582012
943001,1732018
943001,1802019
943001,1902012
943001,2002013
943001,2262015
943001,2512018
943001,3022014
943001,3232021
943001,3512007
943001,4062014
943001,4412017
943001,4742014
943001,5032016
943001,5272014
943001,5362020
943001,5512015
943001,5802013
943001,6542017
943001,6782016
943001,7462020
943001,7522014
943001,8072013
943001,8712014
943001,9722016
943001,9782015
943001,9832014
943001,10492014
943001,10572018
943001,10892019
943001,11052014
943001,11062013
943001,11262019
943001,11772016
943001,11962017
943001,12312019
943001,12462021
943001,14202019
943001,14892017
943001,15352017
943001,15452019
943001,16402018
943001,17132020
943001,17212018
943001,17702018
974004,82020
974200,312019
974200,582019
974200,1612018
980005,292017
980005,622018
980005,762015
980005,1022018
980005,1132019
980005,1362017
980005,2322014
980295,22021
980403,112021
980842,232021
980842,412021
980866,152021
980971,132021
981975,42021
982051,40722018
982179,432021
982955,122021
983479,192019
983781,762020
983781,1012020
984387,182021
984433,62020
984675,1092021
984675,1502020
985099,122020
985487,552020
985629,162020
985867,352020
985919,362021
986001,152010
986001,782011
986001,1372014
986001,2402017
986001,2842015
986001,3072015
986001,3302017
986001,3962014
986001,4762015
986001,7462016
986835,832019
986835,942019
986955,192020
987231,422021
987427,22021
987427,802020
987467,592020
987489,162021
987565,432021
987565,1232017
987565,2132018
987637,172021
987667,1732020
987791,1092020
987791,1692020
987813,332021
987885,362021
987885,462019
987885,1152020
987965,192021
988039,1622020
988599,1972021
988759,72020
988815,1462014
988841,332017
988841,1042019
989047,872018
989647,22020
